Value
163.333
172.593
177.488
169.885
183.742
249.624
314.359
292.985
238.661
267.078
371.075
453.348
422.659
249.372
115.437
86.164
87.895
84.986
74.346
76.187
75.864
81.450
88.962
87.832
89.780
102.130
104.608
107.427
112.924
124.545
142.909
131.396
126.592
114.941
112.757
116.079
103.347
100.618
104.199
94.657
96.469
105.671
105.595
119.549
157.869
183.851
178.853
149.022
151.591
154.426
140.483
144.448
158.679
160.406
166.475
142.294
134.068
133.362
136.786
141.984
146.239
142.224
131.531
129.828
158.825
206.534
254.086
338.557
472.090
588.627
679.368
744.818
771.395
811.625
844.382
818.522
764.774
764.105
780.522
732.637
671.148
672.853
728.255
758.535
741.862
701.941
646.883
529.220
423.844
397.663
402.929
413.200
455.068
520.624
546.001
534.600
547.927
524.000
499.451
501.331
516.110
532.404
593.668
649.266
668.525
736.842
869.995
1034.806
1086.767
1093.512
1107.560
1093.283
1083.845
1113.285
1143.887
1033.434
810.415
549.665
306.933
161.734
96.711
64.288
56.513
64.114
70.357
95.366
136.252
204.620
326.281
374.060
289.224
216.020
168.269
128.694
100.260
103.432
95.778
101.441
112.635
119.489
134.062
151.157
164.247
188.112
227.023
229.898
213.296
166.998
145.480
138.109
135.256
135.744
133.230
134.829
150.096
170.780
186.402
194.327
194.161
179.787
162.918
155.108
138.376
125.324
122.415
123.424
133.669
139.134
155.462
157.171
155.906
166.785
176.494
173.918
162.461
148.969
151.342
167.149
174.380
174.384
170.493
157.144
147.671
153.506
165.979
167.583
148.896
135.034
130.737
133.034
133.762
124.676
120.545
139.350
157.000
