Value
106.000
114.714
115.117
119.328
117.244
117.280
113.176
100.931
99.494
110.773
121.461
124.703
122.688
120.755
118.778
120.823
125.249
122.531
117.802
111.973
135.282
121.190
118.922
122.090
126.076
126.279
127.472
137.338
155.381
170.946
179.724
183.128
180.895
174.741
177.414
187.672
189.959
178.141
185.438
195.331
195.892
201.836
221.000
265.154
293.629
317.603
371.599
392.052
374.824
405.704
429.445
418.354
432.812
457.856
468.924
466.504
472.704
544.617
647.990
771.458
835.777
774.906
614.445
502.857
484.541
539.301
557.574
574.110
600.302
618.750
651.291
655.333
713.335
840.723
933.209
973.306
935.358
872.751
873.955
948.403
1055.836
1098.099
961.685
873.308
798.857
777.646
787.881
787.280
663.074
615.953
592.907
561.466
519.300
458.377
357.872
255.410
228.293
262.826
297.667
305.099
281.187
255.188
268.094
285.125
247.758
205.524
216.681
216.854
211.047
198.844
187.283
208.396
253.180
268.636
234.826
181.752
144.002
131.204
134.140
140.175
164.034
186.991
203.905
230.636
209.725
172.189
163.143
150.599
141.993
123.951
117.853
112.454
120.059
136.069
161.348
168.810
143.326
132.330
143.983
146.884
139.519
134.258
128.223
125.192
133.601
154.740
154.554
137.667
