Value
191.333
187.173
187.133
190.800
184.013
180.667
192.653
191.493
184.653
187.867
196.800
185.093
172.582
176.227
186.907
196.844
203.707
207.400
204.480
194.587
191.800
183.573
183.720
191.920
202.453
195.333
180.640
184.902
199.347
200.507
189.467
188.093
199.773
203.862
196.440
194.000
183.787
157.573
147.853
144.489
153.533
190.333
244.413
342.467
433.987
466.178
586.040
614.520
578.751
523.627
471.333
489.671
572.760
638.333
668.929
658.400
565.453
433.076
310.707
226.653
197.711
201.427
191.187
194.947
212.547
205.333
194.600
196.560
198.347
203.436
193.333
183.373
180.098
186.133
205.413
208.000
205.773
206.493
211.013
206.573
211.800
221.929
209.800
212.880
215.107
212.533
211.760
207.951
213.667
214.133
211.222
199.800
193.573
193.249
199.613
205.133
202.907
200.040
193.493
211.964
215.667
