Value
114.778
114.453
109.733
103.738
109.173
122.067
108.756
111.533
105.280
112.453
146.133
157.253
138.316
136.787
154.840
181.022
192.093
202.387
219.982
258.320
291.533
290.280
260.947
270.667
280.898
276.000
305.813
347.164
357.880
414.987
431.533
447.133
496.120
551.507
570.227
591.133
654.938
730.040
757.427
736.151
763.933
805.240
891.880
948.560
987.400
963.267
938.400
1024.373
1080.844
1107.627
1121.667
1118.916
1058.720
953.747
827.582
781.600
763.253
749.151
713.000
606.747
558.356
530.453
450.040
405.409
395.200
362.133
356.404
340.120
325.813
318.431
292.600
268.320
263.627
264.840
234.080
203.000
195.227
176.920
166.471
173.173
145.733
163.307
166.827
163.840
176.747
167.133
157.293
176.004
188.387
171.267
159.756
154.347
165.827
175.653
182.453
179.267
163.498
144.347
150.147
144.698
165.000
