Value
112.444
101.747
105.227
103.378
103.280
114.133
112.831
122.453
128.253
126.707
122.800
133.947
150.733
151.027
156.867
161.711
169.987
194.200
234.102
258.773
240.667
196.689
204.947
238.600
250.916
230.333
227.107
256.431
289.093
301.933
317.822
353.867
398.693
425.027
432.453
406.733
397.524
418.800
424.027
402.631
343.933
290.893
276.329
267.027
273.947
292.533
340.960
353.787
340.089
334.507
349.667
365.458
349.507
352.587
373.178
384.600
403.933
446.338
463.400
410.853
349.489
301.520
324.400
338.409
356.120
333.133
294.018
279.600
262.520
241.947
220.533
203.507
190.644
193.453
199.187
195.889
185.627
181.680
171.907
156.467
165.600
155.360
151.627
145.093
158.036
156.333
152.293
163.084
167.147
170.453
175.867
174.587
178.293
171.267
167.640
174.800
189.987
180.627
166.853
175.751
174.667
